1,1
2,1
3,2
4,2
5,3
6,3
7,4
8,4
9,5
10,5
11,6
12,6
13,7
14,7
15,8
16,8
17,9
18,9
19,10
20,10
21,11
22,11
23,12
24,12
25,13
26,13
27,14
28,14
29,15
30,15
31,16
32,16
33,17
34,17
35,18
36,18
37,19
38,19
39,20
40,20
41,21
42,21
43,22
44,22
45,23
46,23
47,23
48,24
49,24
50,25
51,25
52,26
53,26
54,27
55,27
56,28
57,28
58,29
59,29
60,30
61,30
62,31
63,31
64,32
65,32
66,33
67,33
68,34
69,34
70,35
71,35
72,36
73,36
74,37
75,37
76,38
77,38
78,39
79,39
80,40
81,40
82,41
83,41
84,42
85,42
86,43
87,43
88,44
89,44
90,45
91,45
92,45
93,45
