   1.1469210e-01   2.6206750e-02   2.3845740e-03
   1.2743560e-01   1.6567790e-02   1.6772260e-03
   1.4017900e-01   1.8306360e-02   1.5802590e-03
   1.5292240e-01   1.8317960e-02   1.3794480e-03
   1.6566580e-01   1.5857070e-02   1.2279840e-03
   1.7840920e-01   1.7221260e-02   1.2191210e-03
   1.9115250e-01   1.5603770e-02   1.0607120e-03
   2.0389570e-01   1.3723960e-02   1.0440850e-03
   2.1663900e-01   1.9225050e-02   9.4511170e-04
   2.2938210e-01   1.6491930e-02   9.0864080e-04
   2.4212530e-01   1.5914660e-02   8.5141890e-04
   2.5486830e-01   1.6934810e-02   7.9742910e-04
   2.6761130e-01   1.5638000e-02   7.5407910e-04
   2.8035430e-01   1.5259480e-02   6.9559080e-04
   2.9309720e-01   1.5069410e-02   6.7344080e-04
   3.0584000e-01   1.5821000e-02   6.3040610e-04
   3.1858280e-01   1.5169360e-02   5.9186840e-04
   3.3132550e-01   1.5092950e-02   5.7656530e-04
   3.4406810e-01   1.3940880e-02   5.2906680e-04
   3.5681060e-01   1.3975210e-02   5.3493620e-04
   3.6955310e-01   1.3315870e-02   4.9934000e-04
   3.8229550e-01   1.3766220e-02   4.9521360e-04
   3.9503780e-01   1.2685490e-02   4.7478430e-04
   4.0778000e-01   1.3029110e-02   4.5549460e-04
   4.2052210e-01   1.1670030e-02   4.5721620e-04
   4.3326410e-01   1.1448540e-02   4.3175630e-04
   4.4600610e-01   1.1399100e-02   4.4270800e-04
   4.5874790e-01   1.1348600e-02   4.1899620e-04
   4.7148960e-01   1.0506580e-02   4.1011990e-04
   4.8423130e-01   1.0462240e-02   4.1596420e-04
   4.9697280e-01   1.0696580e-02   3.9316810e-04
   5.0971420e-01   1.1259670e-02   3.9794720e-04
   5.2245550e-01   1.0350040e-02   3.7334040e-04
   5.3519670e-01   1.0408170e-02   3.7936580e-04
   5.4793780e-01   9.3927240e-03   3.7371140e-04
   5.6067870e-01   1.0120970e-02   3.5969700e-04
   5.7341960e-01   9.1599850e-03   3.5961450e-04
   5.8616030e-01   9.3484290e-03   3.4517510e-04
   5.9890080e-01   8.7655100e-03   3.4446310e-04
   6.1164130e-01   8.6941020e-03   3.3793100e-04
   6.2438160e-01   8.6132960e-03   3.2679530e-04
   6.3712170e-01   8.2863060e-03   3.3667940e-04
   6.4986180e-01   7.9128880e-03   3.1504560e-04
   6.6260170e-01   7.6289800e-03   3.1897360e-04
   6.7534140e-01   7.5626790e-03   3.1024550e-04
   6.8808100e-01   7.6368060e-03   3.1115180e-04
   7.0082040e-01   8.0655820e-03   3.1184980e-04
   7.1355970e-01   6.9544030e-03   2.9347110e-04
   7.2629880e-01   7.0396120e-03   3.0015680e-04
   7.3903780e-01   6.8751380e-03   2.9055390e-04
   7.5177660e-01   6.6943980e-03   2.9296880e-04
   7.6451530e-01   6.8990770e-03   2.8468540e-04
   7.7725370e-01   6.0732240e-03   2.7799360e-04
   7.8999200e-01   6.6478620e-03   2.7928260e-04
   8.0273020e-01   5.6399950e-03   2.6645440e-04
   8.1546810e-01   6.2095510e-03   2.7487460e-04
   8.2820590e-01   6.0951580e-03   2.6951070e-04
   8.4094350e-01   5.4250970e-03   2.6236790e-04
   8.5368090e-01   5.9859800e-03   2.6955120e-04
   8.6641810e-01   5.5792810e-03   2.5532910e-04
   8.7915510e-01   6.0994290e-03   2.5891800e-04
   8.9189200e-01   5.3325360e-03   2.4869530e-04
   9.1736500e-01   4.6431845e-03   2.4819199e-04
   9.3010130e-01   4.8421770e-03   2.4951593e-04
   9.4283730e-01   4.2242919e-03   2.4089660e-04
   9.5557310e-01   4.3565176e-03   2.3815737e-04
   9.6830870e-01   4.4538964e-03   2.3865872e-04
   9.8104410e-01   4.1501633e-03   2.3660067e-04
   9.9377930e-01   4.1274437e-03   2.3451362e-04
   1.0065140e+00   3.9885722e-03   2.3669946e-04
   1.0132010e+00   3.9161744e-03   3.1056448e-05
   1.0183620e+00   3.7751278e-03   3.1141885e-05
   1.0235240e+00   3.7601032e-03   3.1337424e-05
   1.0286860e+00   3.7582898e-03   3.0981093e-05
   1.0338480e+00   3.7084052e-03   3.1095533e-05
   1.0390090e+00   3.6657981e-03   3.1062949e-05
   1.0441710e+00   3.6182345e-03   3.0829327e-05
   1.0493330e+00   3.5993468e-03   3.0832351e-05
   1.0544950e+00   3.5665865e-03   3.1037699e-05
   1.0596560e+00   3.5397372e-03   3.0829298e-05
   1.0648180e+00   3.4839067e-03   3.0849314e-05
   1.0699800e+00   3.4323184e-03   3.0983626e-05
   1.0751420e+00   3.4051090e-03   3.0597150e-05
   1.0803030e+00   3.3831784e-03   3.0754946e-05
   1.0854650e+00   3.3000375e-03   3.0863035e-05
   1.0906270e+00   3.2649733e-03   3.0487568e-05
   1.0957890e+00   3.2582572e-03   3.0631161e-05
   1.1009500e+00   3.2275354e-03   3.0788002e-05
   1.1061120e+00   3.1906360e-03   3.0365701e-05
   1.1112740e+00   3.1565972e-03   3.0944352e-05
   1.1164360e+00   3.0820945e-03   3.1280847e-05
   1.1215980e+00   3.0219434e-03   3.1363978e-05
   1.1267590e+00   2.9802605e-03   3.1554651e-05
   1.1319210e+00   3.0345223e-03   3.1898214e-05
   1.1370830e+00   2.9532289e-03   3.1748574e-05
   1.1422450e+00   2.9076818e-03   3.1590287e-05
   1.1474060e+00   2.8603554e-03   3.1840815e-05
   1.1525680e+00   2.8424127e-03   3.1819458e-05
   1.1577300e+00   2.7737661e-03   3.1859110e-05
   1.1628920e+00   2.7843199e-03   3.1765489e-05
   1.1680530e+00   2.7434676e-03   3.1651248e-05
   1.1732150e+00   2.7192454e-03   3.1786345e-05
   1.1783770e+00   2.7305022e-03   3.1243765e-05
   1.1835390e+00   2.6362481e-03   3.0724498e-05
   1.1887000e+00   2.5910356e-03   3.1209915e-05
   1.1938620e+00   2.6213172e-03   3.1104936e-05
   1.1990240e+00   2.5319402e-03   3.0718601e-05
   1.2041860e+00   2.5148565e-03   3.1217173e-05
   1.2093470e+00   2.4895107e-03   3.1069432e-05
   1.2145090e+00   2.4540355e-03   3.0850051e-05
   1.2196710e+00   2.4247878e-03   3.1013526e-05
   1.2248330e+00   2.4010570e-03   3.0942717e-05
   1.2299950e+00   2.3815078e-03   3.0594429e-05
   1.2351560e+00   2.3369445e-03   3.1101269e-05
   1.2403180e+00   2.3633147e-03   3.0854889e-05
   1.2454800e+00   2.3127601e-03   3.0773610e-05
   1.2506420e+00   2.2959051e-03   3.0845241e-05
   1.2558030e+00   2.2455027e-03   3.0766995e-05
   1.2609650e+00   2.3186957e-03   3.0667893e-05
   1.2661270e+00   2.2342365e-03   3.0912194e-05
   1.2712890e+00   2.2058582e-03   3.0614019e-05
   1.2764500e+00   2.1492651e-03   3.0457716e-05
   1.2816120e+00   2.0969433e-03   3.0654464e-05
   1.2867740e+00   2.1162686e-03   3.0481851e-05
   1.2919360e+00   2.0736406e-03   3.1061551e-05
   1.2970970e+00   2.0501263e-03   3.1365282e-05
   1.3022590e+00   2.0399911e-03   3.1249823e-05
   1.3074210e+00   1.9812633e-03   3.1580988e-05
   1.3125830e+00   1.9663833e-03   3.1794595e-05
   1.3177440e+00   1.9676421e-03   3.1683719e-05
   1.3229060e+00   1.8830477e-03   3.1877935e-05
   1.3280680e+00   1.9118664e-03   3.2293101e-05
   1.3332300e+00   1.8388644e-03   3.2021867e-05
   1.3383910e+00   1.8377502e-03   3.2507946e-05
   1.3435530e+00   1.8773522e-03   3.2470429e-05
   1.3487150e+00   1.7943937e-03   3.2359562e-05
   1.3538770e+00   1.7553511e-03   3.2453883e-05
   1.3590380e+00   1.8028637e-03   3.1996437e-05
   1.3642000e+00   1.7777381e-03   3.1681592e-05
   1.3693620e+00   1.6459071e-03   3.1220773e-05
   1.3745240e+00   1.6920343e-03   3.1447375e-05
   1.3796860e+00   1.6874964e-03   3.1398688e-05
   1.3848470e+00   1.7191085e-03   3.1086829e-05
   1.3900090e+00   1.6714683e-03   3.1210426e-05
   1.3951710e+00   1.5901408e-03   3.0796157e-05
   1.4003330e+00   1.6246465e-03   3.0926444e-05
   1.4054940e+00   1.6103723e-03   3.0847669e-05
   1.4106560e+00   1.5915470e-03   3.0751194e-05
   1.4158180e+00   1.5694482e-03   3.0490016e-05
   1.4209800e+00   1.5815905e-03   3.0889863e-05
   1.4261410e+00   1.4930895e-03   3.0602093e-05
   1.4313030e+00   1.5408356e-03   3.0480320e-05
   1.4364650e+00   1.4720576e-03   3.0542548e-05
   1.4416270e+00   1.4840232e-03   3.0360116e-05
   1.4467880e+00   1.4690497e-03   3.0277004e-05
   1.4519500e+00   1.3653853e-03   3.0428270e-05
   1.4571120e+00   1.4612837e-03   3.0069303e-05
   1.4622740e+00   1.4019747e-03   3.0020267e-05
   1.4674350e+00   1.3765108e-03   3.0125710e-05
   1.4725970e+00   1.3503731e-03   3.0189865e-05
   1.4777590e+00   1.3207445e-03   2.9823962e-05
   1.4829210e+00   1.3069495e-03   2.9983780e-05
   1.4880830e+00   1.3269475e-03   2.9840018e-05
   1.4932440e+00   1.2376546e-03   2.9712226e-05
   1.4984060e+00   1.2699443e-03   2.9947984e-05
   1.5035680e+00   1.3025902e-03   2.9702965e-05
   1.5087300e+00   1.3013182e-03   2.9586711e-05
   1.5138910e+00   1.1873959e-03   2.9801226e-05
   1.5190530e+00   1.2454244e-03   2.9771241e-05
   1.5242150e+00   1.2409508e-03   2.9654940e-05
   1.5293770e+00   1.1755408e-03   2.9661725e-05
   1.5345380e+00   1.1346725e-03   2.9609476e-05
   1.5397000e+00   1.1792613e-03   2.9414683e-05
   1.5448620e+00   1.1554029e-03   2.9649119e-05
   1.5500240e+00   1.1613347e-03   2.9447825e-05
   1.5551850e+00   1.1104494e-03   2.9339499e-05
   1.5603470e+00   1.0899429e-03   2.9556953e-05
   1.5655090e+00   1.1142379e-03   2.9478972e-05
   1.5706710e+00   1.1198427e-03   2.9137780e-05
   1.5758320e+00   1.1089204e-03   2.9381675e-05
   1.5809940e+00   1.0308295e-03   2.9320004e-05
   1.5861560e+00   1.0107464e-03   2.9078349e-05
   1.5913180e+00   1.0174238e-03   2.9215232e-05
   1.5964800e+00   9.7636359e-04   2.9120175e-05
   1.6016410e+00   1.0091323e-03   2.8939822e-05
   1.6068030e+00   1.0465013e-03   2.9204251e-05
   1.6119650e+00   9.9977214e-04   2.9042335e-05
   1.6171270e+00   9.3075732e-04   2.8918531e-05
   1.6222880e+00   9.7221599e-04   2.9002570e-05
   1.6274500e+00   9.7091095e-04   2.8972056e-05
   1.6326120e+00   9.3428698e-04   2.8737262e-05
   1.6377740e+00   9.1804255e-04   2.8980164e-05
   1.6429350e+00   9.1160220e-04   2.8748809e-05
   1.6480970e+00   8.6455131e-04   2.8731582e-05
   1.6532590e+00   8.9703997e-04   2.8835853e-05
   1.6584210e+00   8.7175465e-04   2.8803270e-05
   1.6635820e+00   8.7016961e-04   2.8578549e-05
   1.6687440e+00   8.8728230e-04   2.8786326e-05
   1.6739060e+00   8.5804339e-04   2.8645502e-05
   1.6790680e+00   8.1961485e-04   2.8407986e-05
   1.6842290e+00   8.1581823e-04   2.8641146e-05
   1.6893910e+00   7.6883944e-04   2.8547402e-05
   1.6945530e+00   7.7974075e-04   2.8451334e-05
   1.6997150e+00   8.1256016e-04   2.8837431e-05
   1.7048760e+00   8.2071606e-04   2.8305794e-05
   1.7100380e+00   7.5273922e-04   2.8353413e-05
   1.7152000e+00   7.3932942e-04   2.8383700e-05
   1.7203620e+00   7.7473302e-04   2.8335203e-05
   1.7255230e+00   7.3347402e-04   2.8160869e-05
   1.7306850e+00   7.7463134e-04   2.8355766e-05
   1.7358470e+00   7.3780835e-04   2.8177964e-05
   1.7410090e+00   7.1456461e-04   2.8074128e-05
   1.7461710e+00   7.3958362e-04   2.8447270e-05
   1.7513320e+00   7.2953791e-04   2.8125659e-05
   1.7564940e+00   6.7849157e-04   2.7918137e-05
   1.7616560e+00   7.1836085e-04   2.8157260e-05
   1.7668180e+00   7.2328004e-04   2.7923769e-05
   1.7719790e+00   7.1435699e-04   2.7836877e-05
   1.7771410e+00   6.6149304e-04   2.8012779e-05
   1.7823030e+00   6.3091517e-04   2.7836641e-05
   1.7874650e+00   6.1645877e-04   2.7633390e-05
   1.7926260e+00   6.4020251e-04   2.7922239e-05
   1.7977880e+00   6.2356837e-04   2.7617259e-05
   1.8029500e+00   6.2073385e-04   2.7409653e-05
   1.8081120e+00   6.4862547e-04   2.7719688e-05
   1.8132730e+00   6.0137537e-04   2.7541499e-05
   1.8184350e+00   6.4191003e-04   2.7449720e-05
   1.8235970e+00   6.2607243e-04   2.7628561e-05
   1.8287590e+00   5.9664273e-04   2.7480839e-05
   1.8339200e+00   5.8345745e-04   2.7460116e-05
   1.8390820e+00   5.5523952e-04   2.7540573e-05
   1.8442440e+00   5.4557097e-04   2.7406666e-05
   1.8494060e+00   5.5826049e-04   2.7187559e-05
   1.8545680e+00   5.6631490e-04   2.7537397e-05
   1.8597290e+00   5.8442778e-04   2.7436349e-05
   1.8648910e+00   5.1658627e-04   2.7148323e-05
   1.8700530e+00   5.3084761e-04   2.7463631e-05
   1.8752150e+00   5.3675810e-04   2.7286708e-05
   1.8803760e+00   5.3519479e-04   2.7236368e-05
   1.8855380e+00   4.6581520e-04   2.7376710e-05
   1.8907000e+00   5.1752682e-04   2.7236822e-05
   1.8958620e+00   4.9702017e-04   2.7087314e-05
   1.9010230e+00   5.5031627e-04   2.7297387e-05
   1.9061850e+00   4.4721518e-04   2.7155713e-05
   1.9113470e+00   5.2228054e-04   2.6993362e-05
   1.9165090e+00   4.8528386e-04   2.7278024e-05
   1.9216700e+00   4.7649226e-04   2.6998588e-05
   1.9268320e+00   5.0342632e-04   2.7189629e-05
   1.9319940e+00   4.8781325e-04   2.7177986e-05
   1.9371560e+00   4.7884795e-04   2.6942616e-05
   1.9423170e+00   5.1470922e-04   2.6934668e-05
   1.9474790e+00   4.4277482e-04   2.7097803e-05
   1.9526410e+00   4.6103597e-04   2.6970238e-05
   1.9578030e+00   4.1040486e-04   2.6882939e-05
   1.9629640e+00   4.4345702e-04   2.6994704e-05
   1.9681260e+00   4.1825155e-04   2.6882438e-05
   1.9732880e+00   4.4614317e-04   2.6852160e-05
   1.9784500e+00   4.0431633e-04   2.7006195e-05
   1.9836110e+00   4.0267666e-04   2.6884612e-05
   1.9887730e+00   4.3279687e-04   2.6747256e-05
   1.9939350e+00   4.3364425e-04   2.6880302e-05
   1.9990970e+00   3.8949554e-04   2.6731711e-05
   2.0042590e+00   4.5632458e-04   2.6741463e-05
   2.0094200e+00   3.9332156e-04   2.6897256e-05
   2.0145820e+00   3.6914992e-04   2.6784914e-05
   2.0197440e+00   3.8332244e-04   2.6665277e-05
   2.0249060e+00   3.7384023e-04   2.6732590e-05
   2.0300670e+00   3.5998968e-04   2.6713387e-05
   2.0352290e+00   3.8359781e-04   2.6510874e-05
   2.0403910e+00   3.5609175e-04   2.6770616e-05
   2.0455530e+00   3.6811184e-04   2.6574624e-05
   2.0507140e+00   3.6855675e-04   2.6533592e-05
   2.0558760e+00   3.6737465e-04   2.6683582e-05
   2.0610380e+00   3.4187690e-04   2.6558096e-05
   2.0662000e+00   3.4453338e-04   2.6586805e-05
   2.0713620e+00   3.6472232e-04   2.6616298e-05
   2.0765230e+00   4.1034126e-04   2.6449194e-05
   2.0816850e+00   3.2439112e-04   2.6360657e-05
   2.0868470e+00   3.3166166e-04   2.6530908e-05
   2.0920080e+00   3.0610456e-04   2.6471713e-05
   2.0971700e+00   3.8094548e-04   2.6379595e-05
   2.1023320e+00   3.4450380e-04   2.6509627e-05
   2.1074940e+00   3.0004154e-04   2.6467830e-05
   2.1126550e+00   3.0732909e-04   2.7065569e-05
   2.1178170e+00   3.2761120e-04   2.7348086e-05
   2.1229790e+00   2.8090769e-04   2.7327731e-05
   2.1281410e+00   3.1251089e-04   2.7616995e-05
   2.1333020e+00   3.2203543e-04   2.7839173e-05
   2.1384640e+00   3.3577996e-04   2.7853943e-05
   2.1436260e+00   3.6793399e-04   2.8236271e-05
   2.1487880e+00   2.9143639e-04   2.8296770e-05
   2.1539490e+00   3.0453274e-04   2.8293405e-05
   2.1591110e+00   2.8000938e-04   2.8465093e-05
   2.1642730e+00   2.7107801e-04   2.8606238e-05
   2.1694350e+00   3.0607489e-04   2.8528842e-05
   2.1745970e+00   2.9783412e-04   2.8431952e-05
   2.1797580e+00   2.8691136e-04   2.8132066e-05
   2.1849200e+00   2.7174736e-04   2.7728618e-05
   2.1900820e+00   2.7370492e-04   2.7519811e-05
   2.1952440e+00   2.7916625e-04   2.7666002e-05
   2.2004050e+00   2.3559380e-04   2.7513924e-05
   2.2055670e+00   2.7642491e-04   2.7210428e-05
   2.2107290e+00   2.8776299e-04   2.7291027e-05
   2.2158910e+00   3.4785089e-04   2.7100714e-05
   2.2210520e+00   2.5007978e-04   2.6861629e-05
   2.2262140e+00   2.9078812e-04   2.7114520e-05
   2.2313760e+00   2.3333554e-04   2.6858747e-05
   2.2365380e+00   3.2283622e-04   2.6962139e-05
   2.2416990e+00   2.3552605e-04   2.6955590e-05
   2.2468610e+00   2.1983672e-04   2.6845942e-05
   2.2520230e+00   2.5468957e-04   2.6602369e-05
   2.2571850e+00   2.0996470e-04   2.6845489e-05
   2.2623470e+00   2.9274559e-04   2.6585746e-05
   2.2675080e+00   2.4754189e-04   2.6586994e-05
   2.2726700e+00   2.3553446e-04   2.6735207e-05
   2.2778320e+00   3.0516825e-04   2.6602133e-05
   2.2829940e+00   2.6918830e-04   2.6615070e-05
   2.2881550e+00   2.5557938e-04   2.6831673e-05
   2.2933170e+00   2.4916889e-04   2.6492560e-05
   2.2984790e+00   1.8892413e-04   2.6487930e-05
   2.3036410e+00   2.9186003e-04   2.6656432e-05
   2.3088020e+00   3.0327013e-04   2.6418661e-05
   2.3139640e+00   2.4150439e-04   2.6361773e-05
   2.3191260e+00   2.8292442e-04   2.6552312e-05
   2.3242880e+00   2.4518194e-04   2.6288063e-05
   2.3294490e+00   2.5222369e-04   2.6449090e-05
   2.3346110e+00   2.3845800e-04   2.6491965e-05
   2.3397730e+00   2.5723180e-04   2.6326401e-05
   2.3449350e+00   2.1126965e-04   2.6308985e-05
   2.3500960e+00   1.8547110e-04   2.6362576e-05
   2.3552580e+00   2.1260002e-04   2.6102418e-05
   2.3604200e+00   1.9298308e-04   2.6231467e-05
   2.3655820e+00   2.2278558e-04   2.6307917e-05
   2.3707440e+00   1.8119603e-04   2.6194139e-05
   2.3759050e+00   2.5109244e-04   2.6153372e-05
   2.3810670e+00   1.8343312e-04   2.6376099e-05
   2.3862290e+00   2.4781735e-04   2.6036873e-05
   2.3913910e+00   1.8557278e-04   2.6117500e-05
   2.3965520e+00   1.9441523e-04   2.6226468e-05
   2.4017140e+00   2.2204839e-04   2.6027971e-05
   2.4068760e+00   1.9990623e-04   2.6061036e-05
   2.4120380e+00   1.8835221e-04   2.6140652e-05
   2.4171990e+00   2.3897066e-04   2.5914533e-05
   2.4223610e+00   1.9876231e-04   2.6088167e-05
   2.4275230e+00   2.0046123e-04   2.6083641e-05
   2.4326850e+00   2.0940120e-04   2.5937497e-05
   2.4378460e+00   2.3444563e-04   2.5830825e-05
   2.4430080e+00   1.7300176e-04   2.5905017e-05
   2.4481700e+00   2.2273899e-04   2.5687875e-05
   2.4533320e+00   1.7324339e-04   2.5810205e-05
   2.4584930e+00   1.8044608e-04   2.5740455e-05
   2.4636550e+00   1.7749721e-04   2.5604215e-05
   2.4688170e+00   2.0391009e-04   2.5665337e-05
   2.4739790e+00   1.7875982e-04   2.5710281e-05
   2.4791410e+00   2.1074007e-04   2.5477481e-05
   2.4843020e+00   2.0157982e-04   2.5626819e-05
   2.4894640e+00   2.0954947e-04   2.5575335e-05
   2.4946260e+00   2.3629282e-04   2.5448677e-05
   2.4997880e+00   2.1893424e-04   2.5519222e-05
   2.5049490e+00   1.9041127e-04   2.5560414e-05
   2.5101110e+00   1.6199432e-04   2.5417691e-05
   2.5152730e+00   1.8166635e-04   2.5494463e-05
   2.5204350e+00   1.6515922e-04   2.5596541e-05
   2.5255960e+00   1.6792173e-04   2.5409006e-05
   2.5307580e+00   1.9327972e-04   2.5436818e-05
   2.5359200e+00   1.7968346e-04   2.5490947e-05
   2.5410820e+00   1.9214421e-04   2.5342932e-05
   2.5462430e+00   1.5076227e-04   2.5454962e-05
   2.5514050e+00   1.6121045e-04   2.5363968e-05
   2.5565670e+00   1.8591175e-04   2.5359318e-05
   2.5617290e+00   1.7205695e-04   2.5429919e-05
   2.5668900e+00   1.9233906e-04   2.5448649e-05
   2.5720520e+00   1.2170546e-04   2.5538320e-05
   2.5772140e+00   1.6256208e-04   2.5978925e-05
   2.5823760e+00   1.9130958e-04   2.6288006e-05
   2.5875380e+00   1.9075033e-04   2.6469833e-05
   2.5926990e+00   1.8185270e-04   2.6544648e-05
   2.5978610e+00   1.6212143e-04   2.6630445e-05
   2.6030230e+00   1.3313663e-04   2.6047457e-05
   2.6081850e+00   1.8339919e-04   2.6016120e-05
   2.6133460e+00   1.5355861e-04   2.5988753e-05
   2.6185080e+00   1.3335701e-04   2.5725146e-05
   2.6236700e+00   1.9784283e-04   2.5774796e-05
   2.6288320e+00   2.1052820e-04   2.5728321e-05
   2.6339930e+00   1.6316376e-04   2.5531025e-05
   2.6391550e+00   1.6832420e-04   2.5652192e-05
   2.6443170e+00   1.6908266e-04   2.5693026e-05
   2.6494790e+00   1.8262392e-04   2.5623039e-05
   2.6546400e+00   1.8139098e-04   2.5683245e-05
   2.6598020e+00   1.6121045e-04   2.5662795e-05
   2.6649640e+00   1.7988257e-04   2.5533501e-05
   2.6701260e+00   1.3432298e-04   2.5578539e-05
   2.6752870e+00   1.8358148e-04   2.5607239e-05
   2.6804490e+00   1.4860984e-04   2.5397260e-05
   2.6856110e+00   2.2410754e-04   2.5562162e-05
   2.6907730e+00   1.5713458e-04   2.5472888e-05
   2.6959350e+00   1.1731179e-04   2.5442819e-05
   2.7010960e+00   1.6299423e-04   2.5537110e-05
   2.7062580e+00   1.6178671e-04   2.5510972e-05
   2.7114200e+00   1.7061649e-04   2.5379919e-05
   2.7165810e+00   1.2802277e-04   2.5417398e-05
   2.7217430e+00   1.7920463e-04   2.5426290e-05
   2.7269050e+00   1.3708550e-04   2.5298253e-05
   2.7320670e+00   1.3835661e-04   2.5459951e-05
   2.7372280e+00   1.4292398e-04   2.5350653e-05
   2.7423900e+00   1.6412974e-04   2.5319062e-05
   2.7475520e+00   1.1404086e-04   2.5389549e-05
   2.7527140e+00   1.6506604e-04   2.5383038e-05
   2.7578750e+00   1.8762343e-04   2.5293906e-05
   2.7630370e+00   1.4558471e-04   2.5286005e-05
   2.7681990e+00   1.5274081e-04   2.5231309e-05
   2.7733610e+00   1.5283417e-04   2.5091761e-05
   2.7785220e+00   1.6042241e-04   2.5251693e-05
   2.7836840e+00   1.0560090e-04   2.5210774e-05
   2.7888460e+00   9.6453410e-05   2.5073938e-05
   2.7940080e+00   1.5636346e-04   2.5227113e-05
   2.7991700e+00   1.0264362e-04   2.5220413e-05
   2.8043310e+00   1.5625327e-04   2.4996845e-05
   2.8094930e+00   1.3494999e-04   2.5163468e-05
   2.8146550e+00   1.4660163e-04   2.4996354e-05
   2.8198170e+00   1.3808540e-04   2.4893897e-05
   2.8249780e+00   1.6500669e-04   2.5066322e-05
   2.8301400e+00   1.6307049e-04   2.4981669e-05
   2.8353020e+00   1.2286639e-04   2.4957392e-05
   2.8404640e+00   1.4239856e-04   2.5080364e-05
   2.8456250e+00   1.6823528e-04   2.5088104e-05
   2.8507870e+00   1.6113844e-04   2.4949690e-05
   2.8559490e+00   1.7389582e-04   2.5047290e-05
   2.8611110e+00   1.5607108e-04   2.5005974e-05
   2.8662720e+00   1.5371538e-04   2.4890410e-05
   2.8714340e+00   1.3252654e-04   2.5105813e-05
   2.8765960e+00   2.0351187e-04   2.4916407e-05
   2.8817580e+00   1.6206633e-04   2.4926982e-05
   2.8869190e+00   1.4117828e-04   2.4923977e-05
   2.8920810e+00   1.6380768e-04   2.4957014e-05
   2.8972430e+00   1.2590853e-04   2.4688228e-05
   2.9024050e+00   1.3475522e-04   2.4861711e-05
   2.9075670e+00   2.1583285e-04   2.4860085e-05
   2.9127280e+00   1.5783359e-04   2.4698566e-05
   2.9178900e+00   1.6803192e-04   2.4925526e-05
   2.9230520e+00   1.2594661e-04   2.4757940e-05
   2.9282140e+00   1.5085119e-04   2.4994587e-05
   2.9333750e+00   9.5462013e-05   2.5504659e-05
   2.9385370e+00   1.3583139e-04   2.5735239e-05
   2.9436990e+00   1.5171133e-04   2.5912851e-05
   2.9488610e+00   1.2260794e-04   2.6155659e-05
   2.9540220e+00   1.2975562e-04   2.6162132e-05
   2.9591840e+00   1.3121309e-04   2.6444554e-05
   2.9643460e+00   1.2578984e-04   2.6621741e-05
   2.9695080e+00   1.4985129e-04   2.6468047e-05
   2.9746690e+00   1.5334674e-04   2.6774727e-05
   2.9798310e+00   1.6412548e-04   2.7027410e-05
   2.9849930e+00   1.3514494e-04   2.6930983e-05
   2.9901550e+00   1.2047668e-04   2.7011336e-05
   2.9953170e+00   1.1803206e-04   2.6890990e-05
   3.0004780e+00   1.2376036e-04   2.6372574e-05
   3.0056400e+00   1.5540589e-04   2.6069891e-05
   3.0108020e+00   1.5435940e-04   2.6185644e-05
   3.0159640e+00   1.0513492e-04   2.5791542e-05
   3.0211250e+00   1.2656946e-04   2.5749168e-05
   3.0262870e+00   1.1783711e-04   2.5818238e-05
   3.0314490e+00   1.7887842e-04   2.5662417e-05
   3.0366110e+00   1.3497976e-04   2.5486373e-05
   3.0417720e+00   1.5320272e-04   2.5610915e-05
   3.0469340e+00   1.5547365e-04   2.5539000e-05
   3.0520960e+00   1.0765154e-04   2.5383803e-05
   3.0572580e+00   7.5684061e-05   2.5476101e-05
   3.0624190e+00   1.1258765e-04   2.5372879e-05
   3.0675810e+00   1.6131638e-04   2.5352751e-05
   3.0727430e+00   1.7253578e-04   2.5579645e-05
   3.0779050e+00   1.3946245e-04   2.5332386e-05
   3.0830660e+00   1.9262719e-04   2.5274845e-05
   3.0882280e+00   1.2145551e-04   2.5479655e-05
   3.0933900e+00   1.4030548e-04   2.5290664e-05
   3.0985520e+00   1.1889636e-04   2.5231299e-05
   3.1037140e+00   1.7228157e-04   2.5369685e-05
   3.1088750e+00   1.2531110e-04   2.5128181e-05
   3.1140370e+00   1.4724980e-04   2.5225989e-05
   3.1191990e+00   7.6107789e-05   2.5378700e-05
   3.1243610e+00   1.2745502e-04   2.5150067e-05
   3.1295220e+00   1.6074012e-04   2.5139587e-05
   3.1346840e+00   1.0231731e-04   2.5261332e-05
   3.1398460e+00   2.0526173e-04   2.4947441e-05
   3.1450080e+00   9.7889713e-05   2.5073003e-05
   3.1501690e+00   1.4795316e-04   2.5034305e-05
   3.1553310e+00   1.0432562e-04   2.4901155e-05
   3.1604930e+00   1.0668131e-04   2.4903716e-05
   3.1656550e+00   1.4397897e-04   2.5068883e-05
   3.1708160e+00   1.3779311e-04   2.4801080e-05
   3.1759780e+00   1.5134693e-04   2.4890401e-05
   3.1811400e+00   1.5938859e-04   2.4875016e-05
   3.1863020e+00   1.1991318e-04   2.4770963e-05
   3.1914630e+00   7.8810909e-05   2.4832274e-05
   3.1966250e+00   1.0351633e-04   2.4825716e-05
   3.2017870e+00   7.8001688e-05   2.4733323e-05
   3.2069490e+00   1.5692696e-04   2.4889087e-05
   3.2121110e+00   1.2573049e-04   2.4900607e-05
   3.2172720e+00   1.1003275e-04   2.4757818e-05
   3.2224340e+00   9.9237091e-05   2.4860643e-05
   3.2275960e+00   1.0828290e-04   2.4944493e-05
   3.2327580e+00   1.1965056e-04   2.4795173e-05
   3.2379190e+00   1.1098606e-04   2.4914659e-05
   3.2430810e+00   1.3434424e-04   2.4851259e-05
   3.2482430e+00   9.5788226e-05   2.4862835e-05
   3.2534050e+00   1.3078094e-04   2.4911786e-05
   3.2585660e+00   1.1231643e-04   2.5016218e-05
   3.2637280e+00   1.1084195e-04   2.4739693e-05
   3.2688900e+00   8.4268027e-05   2.4929080e-05
   3.2740520e+00   1.1563394e-04   2.4914111e-05
   3.2792130e+00   1.3823792e-04   2.4841346e-05
   3.2843750e+00   1.1792613e-04   2.4898878e-05
   3.2895370e+00   1.1131653e-04   2.4909962e-05
   3.2946990e+00   1.2872604e-04   2.4810908e-05
   3.2998600e+00   1.0322820e-04   2.4991223e-05
   3.3050220e+00   9.0364948e-05   2.4957486e-05
   3.3101840e+00   1.3734820e-04   2.4828882e-05
   3.3153460e+00   1.1240120e-04   2.4954859e-05
   3.3205070e+00   1.3279350e-04   2.4833871e-05
   3.3256690e+00   9.8639758e-05   2.4909046e-05
   3.3308310e+00   9.8347375e-05   2.4871340e-05
   3.3359930e+00   1.1783295e-04   2.4858876e-05
   3.3411540e+00   1.2122673e-04   2.4712959e-05
   3.3463160e+00   1.0767281e-04   2.4890788e-05
   3.3514780e+00   8.7360969e-05   2.4739967e-05
   3.3566400e+00   1.0924897e-04   2.4773826e-05
   3.3618010e+00   1.1616787e-04   2.4942962e-05
   3.3669630e+00   1.4952507e-04   2.4774563e-05
   3.3721250e+00   1.0780416e-04   2.4725281e-05
   3.3772870e+00   9.5919581e-05   2.4849615e-05
   3.3824480e+00   1.0411375e-04   2.4826803e-05
   3.3876100e+00   1.5345268e-04   2.4854812e-05
   3.3927720e+00   1.3297995e-04   2.4922314e-05
   3.3979340e+00   1.6459997e-04   2.4842839e-05
   3.4030950e+00   1.2920903e-04   2.4810161e-05
   3.4082570e+00   1.1199022e-04   2.5128408e-05
   3.4134190e+00   1.0533828e-04   2.4819658e-05
   3.4185810e+00   1.1807449e-04   2.4806627e-05
   3.4237430e+00   1.5323665e-04   2.4983427e-05
   3.4289040e+00   1.3144187e-04   2.4854586e-05
   3.4340660e+00   1.2465858e-04   2.4773259e-05
   3.4392280e+00   8.1501356e-05   2.5019856e-05
   3.4443900e+00   1.3848371e-04   2.4848292e-05
   3.4495510e+00   1.3628896e-04   2.4821539e-05
   3.4547130e+00   1.3481448e-04   2.5029628e-05
   3.4598750e+00   1.1262998e-04   2.4895995e-05
   3.4650370e+00   1.5318571e-04   2.4746761e-05
   3.4701980e+00   1.0877014e-04   2.4995570e-05
   3.4753600e+00   7.7213626e-05   2.4840316e-05
   3.4805220e+00   9.3000349e-05   2.4787018e-05
   3.4856840e+00   1.4816928e-04   2.4993188e-05
   3.4908450e+00   1.2081149e-04   2.4804123e-05
   3.4960070e+00   1.0951158e-04   2.4794918e-05
   3.5011690e+00   1.1218933e-04   2.5066955e-05
   3.5063310e+00   1.4430519e-04   2.4940618e-05
   3.5114920e+00   1.0818121e-04   2.4752762e-05
   3.5166540e+00   1.4066987e-04   2.5067172e-05
   3.5218160e+00   1.1405787e-04   2.4863837e-05
   3.5269780e+00   1.5287641e-04   2.4852790e-05
   3.5321400e+00   1.2303167e-04   2.5013383e-05
   3.5373010e+00   8.4734148e-05   2.4926292e-05
   3.5424630e+00   9.7105931e-05   2.4859717e-05
   3.5476250e+00   1.3036155e-04   2.5031234e-05
   3.5527870e+00   7.6425488e-05   2.4915027e-05
   3.5579480e+00   6.5939146e-05   2.4797734e-05
   3.5631100e+00   1.0035134e-04   2.5059659e-05
   3.5682720e+00   1.1218933e-04   2.4893340e-05
   3.5734340e+00   1.3476789e-04   2.4759197e-05
   3.5785950e+00   1.2267994e-04   2.5025375e-05
   3.5837570e+00   1.2827698e-04   2.4821208e-05
   3.5889190e+00   1.0022849e-04   2.4911852e-05
   3.5940810e+00   1.0241899e-04   2.4964829e-05
   3.5992420e+00   3.8793223e-05   2.4890108e-05
   3.6044040e+00   9.9402277e-05   2.4750248e-05
   3.6095660e+00   1.1377400e-04   2.5111833e-05
   3.6147280e+00   7.2197075e-05   2.4781206e-05
   3.6198890e+00   6.2375898e-05   2.4925007e-05
   3.6250510e+00   1.2677708e-04   2.4962296e-05
   3.6302130e+00   8.2492754e-05   2.4835752e-05
   3.6353750e+00   1.1951496e-04   2.4942404e-05
   3.6405370e+00   9.6178038e-05   2.5127614e-05
   3.6456980e+00   1.0518992e-04   2.4836697e-05
   3.6508600e+00   1.2582376e-04   2.4975328e-05
   3.6560220e+00   8.5920451e-05   2.5025035e-05
   3.6611840e+00   1.6489660e-04   2.4833512e-05
   3.6663450e+00   1.3208589e-04   2.5029987e-05
   3.6715070e+00   1.3824633e-04   2.5036564e-05
   3.6766690e+00   1.1235877e-04   2.4889106e-05
   3.6818310e+00   7.5353576e-05   2.4934003e-05
   3.6869920e+00   8.4602793e-05   2.5028238e-05
   3.6921540e+00   9.8495646e-05   2.4880960e-05
   3.6973160e+00   1.3066225e-04   2.4976679e-05
   3.7024780e+00   1.0047419e-04   2.4989248e-05
   3.7076390e+00   1.1576955e-04   2.4984627e-05
   3.7128010e+00   1.0616440e-04   2.4942064e-05
   3.7179630e+00   1.1726945e-04   2.4993349e-05
   3.7231250e+00   8.4717157e-05   2.4749861e-05
   3.7282870e+00   1.1821001e-04   2.5047044e-05
   3.7334480e+00   9.6690699e-05   2.5004859e-05
   3.7386100e+00   9.3733346e-05   2.4916143e-05
   3.7437720e+00   9.0589517e-05   2.5023116e-05
   3.7489340e+00   8.7653342e-05   2.5428161e-05
   3.7540950e+00   9.1915671e-05   2.5757739e-05
   3.7592570e+00   1.1414680e-04   2.6228310e-05
   3.7644190e+00   1.0041919e-04   2.6220505e-05
   3.7695810e+00   1.1540091e-04   2.6534811e-05
   3.7747420e+00   7.3196996e-05   2.6598731e-05
   3.7799040e+00   1.3592457e-04   2.6633374e-05
   3.7850660e+00   1.5283833e-04   2.6827524e-05
   3.7902280e+00   6.5350223e-05   2.6998229e-05
   3.7953890e+00   3.0937973e-05   2.6717073e-05
   3.8005510e+00   1.4828372e-04   2.6997926e-05
   3.8057130e+00   1.6302390e-04   2.6983969e-05
   3.8108750e+00   9.3678281e-05   2.6982957e-05
   3.8160360e+00   6.3977452e-05   2.6191559e-05
   3.8211980e+00   9.8961624e-05   2.6184576e-05
   3.8263600e+00   1.2690843e-04   2.5892742e-05
   3.8315220e+00   9.3237572e-05   2.5700964e-05
   3.8366840e+00   8.7822846e-05   2.5984992e-05
   3.8418450e+00   9.2385958e-05   2.5748261e-05
   3.8470070e+00   8.4577382e-05   2.5692440e-05
   3.8521690e+00   1.0658814e-04   2.5824730e-05
   3.8573310e+00   6.6218789e-05   2.5661718e-05
   3.8624920e+00   6.8578752e-05   2.5518957e-05
   3.8676540e+00   9.3318114e-05   2.5846087e-05
   3.8728160e+00   7.3917264e-05   2.5751908e-05
   3.8779780e+00   7.0159120e-05   2.5659280e-05
   3.8831390e+00   1.5268581e-04   2.5935399e-05
   3.8883010e+00   1.0031325e-04   2.5734813e-05
   3.8934630e+00   6.8739752e-05   2.5545152e-05
   3.8986250e+00   1.0679575e-04   2.5890776e-05
   3.9037860e+00   1.0869388e-04   2.5605774e-05
   3.9089480e+00   8.3573180e-05   2.5534039e-05
   3.9141100e+00   1.0194451e-04   2.5779654e-05
   3.9192720e+00   6.4468946e-05   2.5664628e-05
   3.9244330e+00   9.6478831e-05   2.5480599e-05
   3.9295950e+00   1.3223416e-04   2.5878198e-05
   3.9347570e+00   1.2347648e-04   2.5742723e-05
   3.9399190e+00   8.4653606e-05   2.5576299e-05
   3.9450800e+00   9.2966442e-05   2.5853694e-05
   3.9502420e+00   9.4495998e-05   2.5695218e-05
   3.9554040e+00   6.6273864e-05   2.5592194e-05
   3.9605660e+00   1.1146064e-04   2.5946493e-05
   3.9657270e+00   1.1878627e-04   2.5776346e-05
   3.9708890e+00   9.5364489e-05   2.5756492e-05
   3.9760510e+00   4.7466189e-05   2.5958230e-05
   3.9812130e+00   5.1012493e-05   2.5696569e-05
   3.9863740e+00   9.2890153e-05   2.5803742e-05
   3.9915360e+00   6.0426924e-05   2.6001955e-05
   3.9966980e+00   9.4216373e-05   2.5732167e-05
   4.0018600e+00   8.2340231e-05   2.5799102e-05
   4.0070210e+00   7.8870217e-05   2.5972499e-05
   4.0121830e+00   1.0827864e-04   2.5681733e-05
   4.0173450e+00   8.1785234e-05   2.6028954e-05
   4.0225070e+00   1.0415619e-04   2.5986930e-05
   4.0276680e+00   7.6556842e-05   2.5872263e-05
   4.0328300e+00   8.5187454e-05   2.6003316e-05
   4.0379920e+00   1.3190369e-04   2.6032261e-05
   4.0431540e+00   7.0171830e-05   2.5764553e-05
   4.0483160e+00   8.9284597e-05   2.5976487e-05
   4.0534770e+00   1.0132166e-04   2.5994773e-05
   4.0586390e+00   1.1272316e-04   2.5910432e-05
   4.0638010e+00   4.3788540e-05   2.6053590e-05
   4.0689630e+00   1.2798034e-04   2.5968937e-05
   4.0741240e+00   1.0799477e-04   2.6038630e-05
   4.0792860e+00   1.1113859e-04   2.6141692e-05
   4.0844480e+00   5.8715202e-05   2.5953562e-05
   4.0896100e+00   1.1442643e-04   2.6056803e-05
   4.0947710e+00   1.1068943e-04   2.6155224e-05
   4.0999330e+00   8.4534989e-05   2.5973303e-05
   4.1050950e+00   8.5878059e-05   2.6014712e-05
   4.1102570e+00   1.1518488e-04   2.6231835e-05
   4.1154180e+00   9.7499996e-05   2.6144905e-05
   4.1205800e+00   6.3562239e-05   2.6113984e-05
   4.1257420e+00   2.5154585e-05   2.6263578e-05
   4.1309040e+00   1.3804306e-04   2.6078160e-05
   4.1360650e+00   9.5813646e-05   2.6233574e-05
   4.1412270e+00   1.0577043e-04   2.6334972e-05
   4.1463890e+00   1.0579160e-04   2.6186022e-05
   4.1515510e+00   1.3580172e-04   2.6220760e-05
   4.1567130e+00   1.1613819e-04   2.6438412e-05
   4.1618740e+00   4.5640075e-05   2.6165610e-05
   4.1670360e+00   8.8403254e-05   2.6350773e-05
   4.1721980e+00   1.0592295e-04   2.6488695e-05
   4.1773600e+00   8.8589750e-05   2.6247947e-05
   4.1825210e+00   9.8512561e-05   2.6346000e-05
   4.1876830e+00   1.2973020e-04   2.6587145e-05
   4.1928450e+00   1.0820238e-04   2.6270769e-05
   4.1980070e+00   1.0708379e-04   2.6500971e-05
   4.2031680e+00   9.7949059e-05   2.6584253e-05
   4.2083300e+00   5.9143135e-05   2.6362472e-05
   4.2134920e+00   7.0875154e-05   2.6495140e-05
   4.2186540e+00   4.5716346e-05   2.6566809e-05
   4.2238150e+00   5.9715114e-05   2.6360204e-05
   4.2289770e+00   6.1198043e-05   2.6453286e-05
   4.2341390e+00   1.0599921e-04   2.6651102e-05
   4.2393010e+00   3.5073200e-05   2.6298259e-05
   4.2444620e+00   7.0235381e-05   2.6540311e-05
   4.2496240e+00   1.1313839e-04   2.6621590e-05
   4.2547860e+00   1.0372404e-04   2.6371118e-05
   4.2599480e+00   5.7723766e-05   2.6566828e-05
   4.2651100e+00   1.0601188e-04   2.6711743e-05
   4.2702710e+00   7.1023444e-05   2.6457690e-05
   4.2754330e+00   9.2335146e-05   2.7307234e-05
   4.2805950e+00   8.5513715e-05   2.7642991e-05
   4.2857570e+00   9.5711965e-05   2.8013119e-05
   4.2909180e+00   1.0573650e-04   2.8120471e-05
   4.2960800e+00   9.0030267e-05   2.8341978e-05
   4.3012420e+00   1.0549922e-04   2.8350625e-05
   4.3064040e+00   8.4890914e-05   2.8359177e-05
   4.3115650e+00   7.0442988e-05   2.8484200e-05
   4.3167270e+00   4.9224510e-05   2.8617814e-05
   4.3218890e+00   8.1009834e-05   2.8776422e-05
   4.3270510e+00   5.1800556e-05   2.8823757e-05
   4.3322120e+00   5.6999246e-05   2.8846343e-05
   4.3373740e+00   1.2492129e-04   2.9049735e-05
   4.3425360e+00   7.3612209e-05   2.9006246e-05
   4.3476980e+00   1.6829037e-04   2.9220061e-05
   4.3528590e+00   5.3313139e-05   2.9236429e-05
   4.3580210e+00   7.3502051e-05   2.9446133e-05
   4.3631830e+00   1.2347648e-04   2.9490047e-05
   4.3683450e+00   1.2537461e-04   2.9599743e-05
   4.3735070e+00   4.7957674e-05   2.9631910e-05
   4.3786680e+00   6.1121772e-05   2.9617962e-05
   4.3838300e+00   4.6868780e-05   2.9713454e-05
   4.3889920e+00   5.7494973e-05   2.9731069e-05
   4.3941540e+00   1.0982939e-04   2.9938779e-05
   4.3993150e+00   8.0200614e-05   2.9815249e-05
   4.4044770e+00   1.2874296e-04   3.0154797e-05
   4.4096390e+00   6.6142519e-05   3.0033298e-05
   4.4148010e+00   1.0048269e-04   3.0182438e-05
   4.4199620e+00   9.6156870e-05   3.0331360e-05
   4.4251240e+00   1.0377904e-04   3.0387020e-05
   4.4302860e+00   6.8862620e-05   3.0386576e-05
   4.4354480e+00   1.4649144e-04   3.0274386e-05
   4.4406090e+00   4.2992001e-05   3.0525018e-05
   4.4457710e+00   7.6891599e-05   3.0660560e-05
   4.4509330e+00   7.3222417e-05   3.0770520e-05
   4.4560950e+00   1.0850318e-04   3.0749115e-05
   4.4612570e+00   6.1854760e-05   3.0823260e-05
   4.4664180e+00   1.0870238e-04   3.0939504e-05
   4.4715800e+00   8.3043584e-05   3.1010681e-05
   4.4767420e+00   6.7006861e-05   3.0967202e-05
   4.4819040e+00   7.4209609e-05   3.0967013e-05
   4.4870650e+00   5.3491091e-05   3.0818270e-05
   4.4922270e+00   9.3377422e-05   3.0937945e-05
   4.4973890e+00   7.4281637e-05   3.0922390e-05
   4.5025510e+00   4.9228743e-05   3.1093548e-05
   4.5077120e+00   1.2302317e-04   3.0994720e-05
   4.5128740e+00   8.8839721e-05   3.1080432e-05
   4.5180360e+00   9.4241784e-05   3.1205332e-05
   4.5231980e+00   1.0188091e-04   3.1012694e-05
   4.5283590e+00   4.3572457e-05   3.1073779e-05
   4.5335210e+00   9.7724433e-05   3.1010483e-05
   4.5386830e+00   2.1023582e-05   3.1097933e-05
   4.5438450e+00   7.4756177e-05   3.1080970e-05
   4.5490060e+00   6.2214898e-05   3.1148094e-05
   4.5541680e+00   6.3655454e-05   3.0925187e-05
   4.5593300e+00   1.3041230e-05   3.1023741e-05
   4.5644920e+00   7.8454985e-05   3.1098472e-05
   4.5696540e+00   3.4077531e-05   3.1131632e-05
   4.5748150e+00   1.2339597e-04   3.1012033e-05
   4.5799770e+00   1.1325708e-04   3.1145788e-05
   4.5851390e+00   9.1754662e-05   3.0992783e-05
   4.5903010e+00   7.1798805e-05   3.1203017e-05
   4.5954620e+00   1.1017677e-04   3.1110785e-05
   4.6006240e+00   4.7889879e-05   3.1279344e-05
   4.6057860e+00   9.9317605e-05   3.1274062e-05
   4.6109480e+00   9.8393964e-05   3.1428002e-05
   4.6161090e+00   7.5497641e-05   3.1582377e-05
   4.6212710e+00   6.7231402e-05   3.1437197e-05
   4.6264330e+00   1.3597115e-04   3.1511162e-05
   4.6315950e+00   2.3637768e-05   3.1686157e-05
   4.6367560e+00   2.6315496e-05   3.1725440e-05
   4.6419180e+00   3.0357518e-05   3.1846740e-05
   4.6470800e+00   7.7929632e-05   3.1922557e-05
   4.6522420e+00   3.2471734e-05   3.2043734e-05
   4.6574030e+00   9.6910978e-05   3.2033302e-05
   4.6625650e+00   9.9194755e-05   3.2399687e-05
   4.6677270e+00   9.0318388e-05   3.2419494e-05
   4.6728890e+00   6.7278019e-05   3.2279710e-05
   4.6780510e+00   3.8780513e-05   3.2415922e-05
   4.6832120e+00   9.9279427e-05   3.2568133e-05
   4.6883740e+00   1.0001672e-04   3.2788166e-05
   4.6935360e+00   1.1168943e-04   3.2788327e-05
   4.6986980e+00   2.6641738e-05   3.2862585e-05
   4.7038590e+00   5.8223727e-05   3.2991379e-05
   4.7090210e+00   3.8678822e-05   3.3232826e-05
   4.7141830e+00   1.3405611e-04   3.3253937e-05
   4.7193450e+00   4.7415339e-05   3.3372723e-05
   4.7245060e+00   8.2632604e-05   3.3479848e-05
   4.7296680e+00   5.1847163e-05   3.3484583e-05
   4.7348300e+00   6.2409795e-05   3.3701923e-05
   4.7399920e+00   4.6610333e-05   3.3690347e-05
   4.7451530e+00   1.0909645e-04   3.3808008e-05
   4.7503150e+00   1.2382396e-04   3.4145826e-05
   4.7554770e+00   9.4123092e-05   3.4029327e-05
   4.7606390e+00   7.8980413e-05   3.4303509e-05
   4.7658000e+00   4.7406872e-05   3.4542527e-05
   4.7709620e+00   9.9330363e-05   3.4304113e-05
   4.7761240e+00   5.6427267e-05   3.4481301e-05
   4.7812860e+00   1.4055553e-04   3.4607174e-05
   4.7864480e+00   6.1693760e-05   3.4703952e-05
   4.7916090e+00   3.0493097e-05   3.4823957e-05
   4.7967710e+00   1.3925899e-04   3.5027302e-05
   4.8019330e+00   4.8999950e-05   3.5034739e-05
   4.8070950e+00   3.8560196e-05   3.5233179e-05
   4.8122560e+00   1.0716440e-04   3.5246088e-05
   4.8174180e+00   2.0510920e-05   3.5558353e-05
   4.8225800e+00   6.7744073e-05   3.5394310e-05
   4.8277420e+00   1.5138502e-05   3.5575070e-05
   4.8329030e+00   1.1044798e-04   3.5652078e-05
   4.8380650e+00   4.7834805e-05   3.5693658e-05
   4.8432270e+00   5.9621909e-05   3.5923887e-05
   4.8483880e+00   5.0995540e-05   3.6059901e-05
   4.8535500e+00   8.2746968e-05   3.6246481e-05
   4.8587120e+00   8.1632711e-05   3.6258105e-05
   4.8638730e+00  -1.2710754e-06   3.6495233e-05
   4.8690350e+00   1.0301642e-04   3.6584687e-05
   4.8741970e+00   1.3508560e-04   3.6565787e-05
   4.8793590e+00   1.4049193e-04   3.6686917e-05
   4.8845210e+00   8.8327031e-05   3.6761987e-05
   4.8896820e+00   1.4657621e-04   3.6775662e-05
   4.8948440e+00   8.8051658e-05   3.6666212e-05
   4.9000060e+00   5.5185851e-05   3.6919264e-05
   4.9051680e+00   6.9023620e-05   3.7009879e-05
   4.9103290e+00   9.2157222e-05   3.7192878e-05
   4.9154910e+00   2.1917578e-05   3.7810624e-05
   4.9206530e+00   4.7555161e-05   3.7416767e-05
   4.9258150e+00   3.6200224e-05   3.7733720e-05
   4.9309760e+00   9.5771310e-05   3.7970281e-05
   4.9361380e+00   3.3763990e-05   3.7987452e-05
   4.9413000e+00   7.5891639e-05   3.8289029e-05
   4.9464620e+00   3.1535382e-05   3.8599451e-05
   4.9516230e+00   1.1195204e-04   3.8751955e-05
   4.9567850e+00   4.6521352e-06   3.8934217e-05
   4.9619470e+00   6.4422329e-05   3.9114976e-05
   4.9671090e+00   1.7494656e-04   3.9693409e-05
   4.9722700e+00   6.2041189e-05   3.9419776e-05
   4.9774320e+00   1.0560515e-04   3.9633969e-05
   4.9825940e+00   2.9082205e-05   3.9828648e-05
   4.9877560e+00   2.2748005e-05   4.0085253e-05
   4.9929180e+00   9.7673686e-05   4.0209889e-05
   4.9980790e+00   3.0293957e-05   4.0364623e-05
   5.0032410e+00   4.4559668e-05   4.0761399e-05
   5.0084030e+00   5.6401856e-05   4.0855408e-05
   5.0135650e+00   1.0382988e-04   4.1128333e-05
   5.0187260e+00   5.2389488e-05   4.1522142e-05
   5.0238880e+00   7.4908709e-05   4.1451834e-05
   5.0290500e+00   5.3639380e-05   4.1525997e-05
   5.0342120e+00  -2.2455660e-05   4.1672614e-05
   5.0393730e+00   8.5945862e-05   4.2040832e-05
   5.0445350e+00   6.4350301e-05   4.2222310e-05
   5.0496970e+00  -1.1634572e-05   4.1799508e-05
   5.0548590e+00   4.0263432e-05   4.2408238e-05
   5.0600200e+00   5.1694631e-05   4.2814729e-05
   5.0651820e+00   7.5734911e-05   4.3399465e-05
   5.0703440e+00   7.4315543e-06   4.3988653e-05
   5.0755060e+00   7.8213509e-05   4.4144871e-05
   5.0806670e+00   1.1927351e-04   4.4789898e-05
   5.0858290e+00   8.7174558e-05   4.4978104e-05
   5.0909910e+00   7.4819728e-05   4.5660960e-05
   5.0961530e+00   7.4002002e-05   4.5909418e-05
   5.1013150e+00   2.2027737e-05   4.6299429e-05
   5.1064760e+00   4.3877521e-05   4.7065293e-05
   5.1116380e+00  -1.2922604e-06   4.7660878e-05
   5.1168000e+00   7.6196751e-05   4.8683158e-05
   5.1219620e+00   9.2877480e-05   4.8802606e-05
   5.1271230e+00  -5.0122740e-06   4.9237305e-05
   5.1322850e+00   1.0795668e-05   4.9730566e-05
   5.1374470e+00   4.2449676e-05   5.0283616e-05
   5.1426090e+00   9.2250427e-05   5.1608542e-05
   5.1477700e+00   4.3356383e-05   5.2868593e-05
   5.1529320e+00   1.1023196e-04   5.3523968e-05
   5.1580940e+00   7.2408924e-05   5.4701105e-05
   5.1632560e+00   1.1052850e-04   5.5410912e-05
   5.1684170e+00   4.7652609e-05   5.7953023e-05
   5.1735790e+00   7.9607457e-05   6.0944585e-05
   5.1787410e+00   7.9815036e-05   6.1186854e-05
   5.1839030e+00   7.6853449e-05   6.2508519e-05
   5.1890650e+00   8.4255365e-05   6.2878656e-05
   5.1942260e+00   1.3274682e-04   6.7062191e-05
   5.1993880e+00  -2.4790203e-05   7.0202250e-05
   5.2045500e+00   1.9909278e-05   7.4370788e-05
   5.2097120e+00   7.5336633e-05   1.0688373e-04
